232920
435139
636085
836966
1038006
1238928
1439913
1640787
1841843
2042712
2243659
2444925
2646147
2847441
3048377
3249315
3450308
3651279
3852378
4053422
4254491
4455396
4656504
4857497
5058512
5259374
5460458
5661481
5862420
6063680
6264594
6465618
6666573
6867403
7069628
7270585
7471413
7672328
7873820
8074787
8275761
8476942
8678043
8879006
9079859
9280733
9482049
9682991
9884057
10084912
10285737
10486581
10687512
10888589
11089932
11290817
11491664
11692664
11893711
12094636
12298184
12499498
12700500
12901450
13102332
13303294
13504314
13705430
13906412
14107333
14308172
14509210
14710187
14911308
15112223
15313209
15514429
15716577
15917548
16118477
16319361
16520267
16721213
16922239
17123235
17324195
17525098
17725981
17927066
18128699
18329664
18530579
18731628
18932606
19133953
19335357
19536396
19737385
19938372
20139238
20340310
20541247
20742085
20943124
21144159
21345103
21546066
21747189
21948135
22149058
22350024
22551606
22752597
22953608
23154490
23355570
23556510
23757424
23962553
24163483
24365420
24566363
24767397
24968272
25169254
25370199
25573751
25774803
25975740
26176600
26377546
26578618
26779933
26980891
27182392
27383203
27584109
27785027
27986550
28187492
28388441
28589296
28790167
28991177
29192148
29393179
29594160
29795138
29996046
30196979
