579258501760
579468178488
579670392544
579871343512
580072226488
580273257488
580474194488
580675171456
580876055592
581077113624
581277982512
581478920512
581680192728
581881412544
582082712920
582283649920
582484586488
582685577704
582886555112
583087653456
583288697544
583489782448
583690679648
583891804528
584092782408
584293813496
584494656568
584695754592
584896772544
585097709432
585298968816
585499892328
585700910512
585901874512
586102703240
586304931568
586505895552
586706711568
586907635296
587109123056
587310100592
587511064592
587712257408
587913355456
588114319408
588315175512
588516058472
588717385528
588918322472
589119381136
589320237728
589521066592
589721909592
589922833328
590123918568
590325258080
590526142136
590726998568
590928002136
591129047328
591329970488
591533529592
591734842592
591935860528
592136797456
592337694496
592538644944
592739662568
592940774840
593141765352
593342688432
593543531512
593744576472
593945540592
594146679392
594347575592
594548566568
594749786376
594951946544
595152910808
595353847216
595554730544
595755640512
595956577592
596157608592
596358612896
596559563840
596760474328
596961357512
597162441592
597364078592
597565055472
597765965456
597967010568
598167987568
598369341568
598570749352
598771780568
598972770840
599173761568
599374631352
599575703488
599776640488
599977483592
600178541552
600379558408
600580509592
600781473456
600982611528
601183548496
601384472592
601585436592
601787018592
601988009456
602189027544
602389910544
602590981648
602791932568
602992842544
603197974568
603398925528
603600843592
603801794296
604002825680
604203695136
604404686432
604605636592
604809182408
605010240624
605211177408
605412033624
605612984112
605814055592
606015382448
606216333432
606417834592
606618650624
606819560592
607020470592
607221999408
607422937192
607623900544
607824743592
608025626624
608226630568
608427608568
608628652496
608829616488
609030607488
609231517552
609432441568
